0
16 16
0  0 0 0 1 1 0 1 1 0 1 1 1 0 1 0 1
1  0 0 0 1 0 0 0 1 0 1 0 0 1 1 1 0
2  0 1 1 1 0 0 1 0 0 0 0 0 1 0 0 0
3  1 0 1 0 0 0 0 0 1 1 0 0 1 1 1 0
4  1 1 0 1 1 1 0 0 0 1 0 1 1 1 0 1
5  0 0 0 1 0 0 1 1 0 0 0 1 0 0 1 0
6  0 1 0 0 1 0 1 0 0 0 1 0 1 0 0 0
7  0 1 0 0 0 0 0 0 0 0 0 0 1 0 1 1
8  1 0 1 0 0 1 0 1 1 1 1 1 1 1 1 0
9  0 1 1 1 1 0 0 1 0 1 0 1 0 0 0 1
10  0 0 1 0 1 0 1 1 0 1 0 0 1 0 0 0
11  0 0 0 0 0 0 1 0 0 0 0 1 1 0 0 1
12  1 0 0 1 0 0 1 0 0 0 1 0 0 0 0 0
13  0 1 0 0 0 0 1 1 0 0 0 1 0 0 0 1
14  0 1 1 0 1 1 1 0 0 1 0 0 0 0 0 0
15  0 1 0 1 0 0 1 0 1 0 0 1 0 1 0 1
